account_id	monthly_logins	feature_usage_score	num_tickets_last_30d	avg_response_time
ACC_0001	23	0.75	6	0.6
ACC_0002	15	0.78	7	1.8
ACC_0003	21	0.86	6	0.1
ACC_0004	25	0.86	7	1.4
ACC_0005	15	0.49	6	1.8
ACC_0006	17	0.56	4	0.8
ACC_0007	19	0.78	2	2.9
ACC_0008	21	0.78	3	0.2
ACC_0009	17	0.78	4	0.2
ACC_0010	19	1	7	2.6
ACC_0011	16	0.79	4	1.4
ACC_0012	21	0.87	3	2.3
ACC_0013	21	0.84	2	1.1
ACC_0014	17	0.8	6	0.6
ACC_0015	22	0.65	3	3.4
ACC_0016	14	0.81	5	3.2
ACC_0017	17	0.58	9	2.4
ACC_0018	17	0.66	6	0.6
ACC_0019	21	0.63	6	1.8
ACC_0020	21	0.71	9	0.9
ACC_0021	13	1	4	0.2
ACC_0022	18	0.42	9	5
ACC_0023	25	0.8	2	0.3
ACC_0024	17	0.46	10	6
ACC_0025	24	0.63	6	1.2
ACC_0026	23	0.86	9	0.4
ACC_0027	24	0.71	4	1.6
ACC_0028	18	0.54	1	4.1
ACC_0029	26	0.59	6	2.6
ACC_0030	18	0.8	8	3.3
ACC_0031	17	0.59	6	2.2
ACC_0032	23	0.73	2	2.4
ACC_0033	26	0.71	3	3.8
ACC_0034	14	0.6	5	0.6
ACC_0035	24	1	3	1.3
ACC_0036	24	0.8	3	0.5
ACC_0037	20	0.4	5	8.8
ACC_0038	17	0.73	6	5.8
ACC_0039	27	0.6	5	0.1
ACC_0040	19	0.83	3	2.4
ACC_0041	16	0.58	5	5.2
ACC_0042	17	0.68	3	0.4
ACC_0043	28	0.78	3	1.7
ACC_0044	24	0.83	6	4.9
ACC_0045	27	0.52	5	0.1
ACC_0046	17	0.65	6	2.4
ACC_0047	16	0.63	2	0.7
ACC_0048	19	0.6	4	5.2
ACC_0049	14	0.96	7	7.1
ACC_0050	29	0.76	6	5.8
ACC_0051	20	0.51	5	1.3
ACC_0052	32	0.84	4	4
ACC_0053	20	1	3	3.7
ACC_0054	17	0.85	3	0.8
ACC_0055	21	0.47	7	3.5
ACC_0056	10	0.63	7	0.1
ACC_0057	27	0.89	6	1.8
ACC_0058	14	0.59	6	0.5
ACC_0059	22	0.77	7	0.3
ACC_0060	16	0.82	8	0.2
ACC_0061	18	0.56	6	2.4
ACC_0062	22	0.69	3	0.8
ACC_0063	13	0.21	7	2.6
ACC_0064	17	0.55	5	0.1
ACC_0065	22	0.66	5	0.8
ACC_0066	20	0.51	7	1.6
ACC_0067	22	0.94	4	3.1
ACC_0068	23	0.49	9	0.8
ACC_0069	29	0.63	4	2
ACC_0070	18	0.72	5	4.3
ACC_0071	17	0.92	2	1.9
ACC_0072	25	0.48	6	0.5
ACC_0073	20	0.87	3	0.1
ACC_0074	27	0.7	6	4.1
ACC_0075	18	0.55	2	0.1
ACC_0076	26	0.77	3	4.2
ACC_0077	22	0.73	5	1.5
ACC_0078	21	0.61	3	5.6
ACC_0079	13	0.71	4	3.2
ACC_0080	21	0.64	5	10
ACC_0081	22	0.72	6	0.9
ACC_0082	23	0.8	3	2.9
ACC_0083	18	0.94	3	1
ACC_0084	22	0.51	4	1.3
ACC_0085	22	1	5	2
ACC_0086	13	0.41	4	4.1
ACC_0087	17	0.68	2	8.3
ACC_0088	27	0.79	6	2.9
ACC_0089	24	0.74	6	1.1
ACC_0090	21	0.61	8	1.1
ACC_0091	15	0.67	1	2.7
ACC_0092	17	0.63	6	0.5
ACC_0093	22	0.61	2	0.2
ACC_0094	27	0.83	5	0.9
ACC_0095	17	0.75	2	0.7
ACC_0096	25	0.6	6	0.7
ACC_0097	15	0.83	4	0.5
ACC_0098	29	0.75	3	0.1
ACC_0099	21	0.82	5	0.1
ACC_0100	14	0.79	6	8.8
